0 0.255421 0.445897 0.274699 0.130797
0 0.189157 0.724138 0.093976 0.104638
0 0.224096 0.568966 0.067470 0.039239
0 0.242169 0.596314 0.093976 0.067776
0 0.290361 0.292509 0.161445 0.102260
0 0.310843 0.896552 0.163855 0.078478
0 0.336144 0.585018 0.065061 0.052318
0 0.618073 0.576100 0.180723 0.070154
0 0.657831 0.890011 0.106024 0.036861
0 0.736144 0.291320 0.204819 0.087990
0 0.718072 0.142093 0.120482 0.103448
0 0.756626 0.608205 0.120481 0.051129
0 0.759036 0.882283 0.110844 0.057074
0 0.807229 0.461355 0.197590 0.104637
0 0.868675 0.612367 0.103615 0.066587